           1   3.92200991E-06
           2   3.09323991E-06
           3   2.77184995E-06
           4   2.02237993E-06
           5   4.56446014E-06
           6   1.39417000E-06
           7   1.59546005E-06
           8   1.85992997E-06
           9   1.50429003E-06
          10   5.70276995E-07
          11   1.33959002E-05
          12   3.35849990E-07
          13   8.42351994E-07
          14   7.15898022E-06
          15   3.33515004E-07
          16   5.86943997E-07
          17   1.51443999E-06
          18   3.29127005E-07
          19   5.93368986E-06
          20   1.28498996E-05
          21   1.54162001E-06
          22   6.74370028E-07
          23   8.51963989E-07
          24   1.23051996E-06
          25   2.33382002E-06
          26   2.05402989E-06
          27   1.58133003E-06
          28   6.35535997E-08
          29   1.98028999E-07
          30   4.20043989E-06
          31   1.73850003E-06
          32   7.65410005E-06
          33   2.98465011E-06
          34   1.98835005E-06
          35   5.23166989E-07
          36   9.68316982E-09
          37   5.60053024E-07
          38   1.05358004E-06
          39   3.72471987E-07
          40   3.29251998E-06
          41   9.02699000E-08
          42   8.91451979E-09
          43   1.42662003E-07
          44   1.42643998E-07
          45   2.09264002E-07
          46   7.40025996E-08
          47   1.69518003E-07
          48   4.76044004E-09
          49   7.64111974E-06
          50   1.62964000E-06
          51   7.77860976E-09
          52   3.11959991E-09
          53   5.05849984E-09
          54   1.38239997E-07
          55   1.02554999E-07
          56   7.71170008E-08
          57   3.74693997E-07
          58   8.29351023E-08
          59   4.79318985E-08
          60   3.17028004E-08
          61   3.34306009E-07
          62   1.22627995E-07
          63   4.41631983E-06
          64   7.14350026E-05
          65   7.24993006E-05
          66   5.61671986E-05
          67   4.10497014E-05
          68   3.22701017E-05
          69   1.04366998E-04
          70   7.48153034E-05
          71   1.92949999E-04
          72   5.04803029E-04
          73   6.53840016E-06
          74   4.77278991E-06
          75   6.91807008E-06
          76   2.57304009E-06
          77   1.87878004E-06
          78   1.44007004E-06
          79   1.02386002E-06
          80   7.89743012E-07
          81   3.64500011E-04
          82   3.90585001E-07
          83   9.39042016E-04
          84   9.28104972E-04
          85   4.20263998E-04
          86   7.04020029E-04
          87   2.66104995E-04
          88   6.74981990E-08
          89   8.72791972E-08
          90   4.11781009E-08
          91   1.27092993E-04
          92   2.37180995E-08
          93   1.52064001E-06
          94   4.31878995E-08
          95   9.14494990E-07
          96   3.54771998E-07
          97   8.05092970E-09
          98   2.69770002E-08
          99   7.96622004E-08
         100   7.42886019E-09
         101   1.18611001E-06
         102   2.03555010E-06
         103   6.14244982E-06
         104   3.66846007E-06
         105   8.10873985E-07
         106   4.58908005E-07
         107   2.82313010E-07
         108   1.86967000E-07
         109   1.41675002E-07
         110   5.78272011E-06
         111   4.52825998E-06
         112   3.75897002E-06
         113   2.02842011E-06
         114   1.28880001E-05
         115   1.00915997E-06
         116   7.66137987E-07
         117   8.53810980E-06
         118   4.72261007E-07
         119   3.03854989E-07
         120   6.51727021E-07
         121   4.52813993E-07
         122   3.14999994E-07
         123   2.22701999E-07
         124   1.56088007E-07
         125   1.08434001E-07
         126   6.78913977E-07
         127   4.72235996E-07
         128   7.54070982E-07
         129   6.15245995E-07
         130   3.67300004E-07
         131   2.60534989E-07
         132   1.82072000E-07
         133   1.60693006E-07
         134   9.03958011E-08
         135   1.78329003E-06
         136   3.67465009E-06
         137   3.48854989E-08
         138   2.24287007E-07
         139   3.26589991E-08
         140   1.40897001E-07
         141   1.52765995E-08
         142   1.42568997E-08
         143   1.38862006E-07
         144   1.37178002E-08
         145   9.87629978E-09
         146   1.89379996E-08
         147   7.45474011E-08
         148   9.06722963E-09
         149   9.33272986E-07
         150   1.96102992E-08
         151   9.06366004E-09
         152   9.12200004E-09
         153   9.21938970E-09
         154   9.33393007E-09
         155   9.46362988E-09
         156   2.05684003E-08
         157   9.75768000E-09
         158   1.39866003E-08
         159   1.21459003E-08
         160   1.04196998E-08
         161   1.81440996E-08
         162   1.52533008E-08
         163   1.36217002E-08
         164   1.28863000E-08
         165   1.24632002E-08
         166   8.92910975E-07
         167   2.02885008E-06
         168   1.17195998E-06
         169   1.49089999E-06
         170   1.07789003E-06
         171   7.28671012E-07
         172   4.73574005E-07
         173   1.26840996E-05
         174   8.76485956E-06
         175   1.45174999E-05
         176   1.52644006E-05
         177   9.73944043E-06
         178   6.46683020E-06
         179   9.76250976E-06
         180   1.02085996E-05
         181   7.73056036E-06
         182   1.05256004E-05
         183   1.32579999E-05
         184   1.25649003E-05
         185   1.17471000E-05
         186   8.24062045E-06
         187   5.93013010E-06
         188   1.08549002E-05
         189   6.62527009E-06
         190   2.52747009E-06
         191   1.69374005E-06
         192   7.00714008E-06
         193   6.82655980E-07
         194   4.37613011E-07
         195   2.81870996E-07
         196   1.84057001E-07
         197   1.22749000E-07
         198   8.48271000E-08
         199   6.16190974E-08
         200   1.08669003E-04
         201   3.89208985E-08
         202   5.40091989E-08
         203   9.68715028E-08
         204   1.11403999E-07
         205   1.67308008E-05
         206   1.56467001E-06
         207   1.10208998E-06
         208   1.24900998E-06
         209   5.29531974E-07
         210   2.54544005E-07
         211   1.87501001E-07
         212   2.04266001E-07
         213   4.94799997E-06
         214   3.13219994E-06
         215   2.82668998E-06
         216   5.00854003E-06
         217   9.03673993E-07
         218   5.96374011E-05
         219   3.95690995E-06
         220   3.04918995E-05
         221   9.17115030E-05
         222   1.57797001E-06
         223   4.93319988E-07
         224   3.61194998E-06
         225   4.64305003E-06
         226   1.63774996E-06
         227   2.51974998E-05
         228   2.58193995E-05
         229   2.11437000E-05
         230   2.92231998E-04
         231   1.00675004E-03
         232   3.58980993E-04
         233   1.22436997E-03
         234   2.01846007E-04
         235   1.97514993E-04
         236   6.40804006E-04
         237   9.52663031E-05
         238   1.15898998E-04
         239   9.96303046E-04
         240   3.29021009E-06
         241   2.51912000E-03
         242   2.39439006E-03
         243   1.13743998E-03
         244   1.14422000E-03
         245   1.70487002E-03
         246   2.99377007E-05
         247   2.50145004E-05
         248   5.85229009E-06
         249   3.59163008E-04
         250   1.03962002E-05
         251   1.37827999E-06
         252   7.19527009E-07
         253   4.63628021E-06
         254   3.19571001E-07
         255   1.64292999E-07
         256   1.35345005E-07
         257   1.95474001E-07
         258   1.43270995E-07
         259   1.04324997E-07
         260   1.38024996E-06
         261   4.96030998E-06
         262   3.73824992E-06
         263   3.35377990E-06
         264   2.78764992E-06
         265   8.74505986E-06
         266   7.37386017E-06
         267   9.36966990E-06
         268   7.42680004E-06
         269   3.76603998E-06
         270   3.35629011E-06
         271   1.82625001E-06
         272   1.93583992E-06
         273   5.99840973E-07
         274   3.61936003E-07
         275   2.32275994E-07
         276   1.62034993E-07
         277   1.24383007E-07
         278   1.04622004E-07
         279   1.49179996E-07
         280   8.94579983E-08
         281   8.76198030E-08
         282   1.90167995E-07
         283   1.18711000E-07
         284   1.04685000E-07
         285   9.99214009E-08
         286   1.60843001E-07
         287   1.09254003E-07
         288   9.84897994E-08
         289   5.86514989E-06
         290   3.11727990E-06
         291   1.70739997E-06
         292   9.37794027E-07
         293   7.20157004E-07
         294   4.09895989E-07
         295   2.98271999E-07
         296   3.09716997E-05
         297   4.26992992E-05
         298   5.38550012E-05
         299   2.78906991E-05
         300   1.45319000E-05
         301   1.91267009E-05
         302   2.25588992E-05
         303   1.18136004E-05
         304   2.15438995E-05
         305   4.72561005E-05
         306   3.45353001E-05
         307   2.12499999E-05
         308   1.08349004E-05
         309   5.55094994E-06
         310   3.32824993E-06
         311   1.92285006E-06
         312   1.13357999E-06
         313   6.75380022E-07
         314   4.10785987E-07
         315   2.89698988E-07
         316   2.20440000E-07
         317   1.96657993E-07
         318   2.21175995E-07
         319   5.24990980E-07
         320   2.30177993E-05
         321   7.94243970E-05
         322   3.93541995E-05
         323   1.95800003E-05
         324   9.77015043E-06
         325   1.04134997E-05
         326   4.29637985E-05
         327   3.56217992E-04
         328   3.90731002E-05
         329   6.65387997E-05
         330   7.65114964E-05
         331   1.85077995E-04
         332   8.44988972E-05
         333   1.66858998E-04
         334   4.42129007E-04
         335   1.58434006E-04
         336   1.66487007E-04
         337   8.70285003E-05
         338   2.28386998E-05
         339   1.24056998E-04
         340   1.41505996E-04
         341   8.46718031E-05
         342   1.66476995E-04
         343   7.46404985E-05
         344   1.15627001E-04
         345   1.54541005E-04
         346   1.01696998E-04
         347   1.79280003E-04
         348   1.93264001E-04
         349   2.91063014E-04
         350   2.87847011E-04
         351   1.37267995E-03
         352   8.88473005E-04
         353   8.41277011E-04
         354   1.60634998E-04
         355   2.06758996E-04
         356   3.28030990E-04
         357   1.87972997E-04
         358   1.02313999E-04
         359   1.26345996E-02
         360   7.26648977E-06
         361   4.36336995E-06
         362   1.70665007E-05
         363   3.06773995E-06
         364   6.18454022E-03
         365   1.10121005E-06
         366   1.76773005E-06
         367   2.11982001E-06
         368   1.72412001E-06
         369   1.37685001E-05
         370   1.32307996E-05
         371   4.78149013E-06
         372   2.29727993E-06
         373   2.59330009E-05
         374   9.51220045E-06
         375   3.70572998E-05
         376   1.85884001E-05
         377   2.80741006E-05
         378   1.25647002E-05
         379   5.71840019E-06
         380   2.92725008E-06
         381   1.76994001E-06
         382   2.97391991E-04
         383   6.25189976E-04
         384   6.08639994E-07
         385   5.90807019E-07
         386   6.05981972E-04
         387   6.48951982E-07
         388   8.36093022E-07
         389   6.41995996E-07
         390   8.74014972E-07
         391   7.93769004E-07
         392   9.83775976E-07
         393   7.52506025E-07
         394   6.49263995E-07
         395   1.19147001E-06
         396   6.55186000E-07
         397   6.42757016E-07
         398   6.61241017E-07
         399   8.39629990E-07
         400   4.99145017E-06
         401   9.05357012E-07
         402   1.33791002E-06
         403   4.87497982E-06
         404   9.40628013E-07
         405   4.13545013E-06
         406   4.52271979E-06
         407   8.35848027E-07
         408   1.63993009E-05
         409   1.71981003E-06
         410   1.03432001E-06
         411   1.02487002E-06
         412   3.53135010E-06
         413   4.46154008E-05
         414   3.35641998E-05
         415   4.25200005E-06
         416   3.53193991E-06
         417   1.53950998E-06
         418   2.51220990E-06
         419   1.18426999E-06
         420   1.04659000E-06
         421   1.01318005E-06
         422   1.59896001E-06
         423   1.40028999E-06
         424   1.50057997E-06
         425   1.63488003E-05
         426   2.67349992E-06
         427   4.71109015E-05
         428   1.24393000E-06
         429   1.26471002E-06
         430   1.25071006E-06
         431   8.28093034E-05
         432   5.30169018E-06
         433   4.98317013E-06
         434   2.39870997E-06
         435   6.86256026E-05
         436   2.57420993E-06
         437   3.22866003E-06
         438   5.76771981E-06
         439   2.50202993E-06
         440   1.47330002E-06
         441   2.41143994E-06
         442   1.87805006E-06
         443   1.64840003E-06
         444   3.77264996E-06
         445   1.61084995E-06
         446   2.07725998E-06
         447   1.97593999E-06
         448   3.29903992E-06
         449   5.18651996E-06
         450   1.77674992E-05
         451   2.62627000E-05
         452   6.04747993E-06
         453   1.45976001E-05
         454   5.77653002E-04
         455   8.05875025E-05
         456   7.82372023E-04
         457   1.56939996E-03
         458   9.34474974E-06
         459   3.50655000E-06
         460   7.85174961E-06
         461   5.33248021E-06
         462   9.80731966E-06
         463   1.02498998E-05
         464   6.34141998E-06
         465   4.12148984E-06
         466   9.18877959E-06
         467   1.08763998E-05
         468   7.61503998E-06
         469   8.91466971E-06
         470   1.96948004E-05
         471   1.21274998E-05
         472   2.59582994E-05
         473   1.55583002E-05
         474   2.51304004E-06
         475   3.52228994E-06
         476   9.04452008E-06
         477   2.67894006E-06
         478   2.76312994E-06
         479   3.56041005E-06
         480   1.25064002E-03
         481   2.81542998E-06
         482   1.15400006E-03
         483   1.10730998E-05
         484   2.93302001E-04
         485   1.06104999E-03
         486   9.90390981E-05
         487   3.00949000E-06
         488   3.02824992E-06
         489   3.08147992E-06
         490   3.13823011E-06
         491   3.19599008E-06
         492   3.25512997E-06
         493   3.31366005E-06
         494   3.37764004E-06
         495   3.44424006E-06
         496   3.51195990E-06
         497   3.56863006E-06
         498   3.62720994E-06
         499   9.74727027E-06
         500   1.07544001E-05
         501   3.89069010E-06
         502   3.86697002E-06
         503   6.69817018E-06
         504   3.98841985E-06
         505   4.58908016E-06
         506   4.71618978E-06
         507   5.27321981E-06
         508   5.89705996E-06
         509   4.32602019E-06
         510   4.39793985E-06
         511   7.50336994E-06
         512   4.68557982E-06
         513   4.68843018E-06
         514   5.04351010E-05
         515   4.83204985E-06
         516   5.15842003E-05
         517   4.98071995E-06
         518   5.99381019E-06
         519   5.92899005E-06
         520   6.67593986E-06
         521   9.47391018E-05
         522   5.60947001E-06
         523   5.78379013E-06
         524   2.37956003E-04
         525   1.26878993E-04
         526   1.48521003E-05
         527   8.18725039E-06
         528   6.15591998E-05
         529   9.99503027E-05
         530   6.80582980E-06
         531   8.71724023E-06
         532   1.98329999E-05
         533   2.47616001E-04
         534   9.82247991E-04
         535   9.38546964E-06
         536   1.17087002E-05
         537   7.34865989E-06
         538   1.01555997E-05
         539   7.60445982E-05
         540   7.44930003E-06
         541   9.23713014E-06
         542   1.56713995E-05
         543   3.53524010E-05
         544   5.19444002E-05
         545   8.12588041E-06
         546   8.29935016E-06
         547   1.01940996E-05
         548   9.10471044E-06
         549   8.66217033E-06
         550   9.05667002E-06
         551   8.91055970E-06
         552   1.31155002E-05
         553   9.05679008E-06
         554   8.86623002E-06
         555   9.75145031E-06
         556   9.49768037E-06
         557   1.41935998E-05
         558   1.01030000E-05
         559   9.77773016E-06
         560   1.03879001E-05
         561   1.06129000E-05
         562   1.07284004E-05
         563   1.07589003E-05
         564   1.07193000E-05
         565   1.16949004E-05
         566   1.27764997E-05
         567   1.14159002E-05
         568   1.14836002E-05
         569   1.18915004E-05
         570   3.94513991E-05
         571   1.23478003E-05
         572   3.66335989E-05
         573   1.28202000E-05
         574   1.30545004E-05
         575   1.29006003E-05
         576   1.13265996E-05
         577   1.35648997E-05
         578   3.16111982E-05
         579   3.18267994E-04
         580   6.71177986E-05
         581   3.38290010E-05
         582   1.69259001E-05
         583   1.06045998E-04
         584   1.51320000E-05
         585   7.88092002E-05
         586   2.45773001E-04
         587   3.93802984E-05
         588   1.65645997E-05
         589   1.63818004E-05
         590   1.65140991E-05
         591   1.68228999E-05
         592   1.81449996E-05
         593   1.71615993E-05
         594   1.73454991E-05
         595   1.79422004E-05
         596   2.11618008E-05
         597   1.81999003E-05
         598   2.16030003E-05
         599   2.71462995E-05
         600   1.94707009E-05
         601   1.96740002E-05
         602   2.00809009E-05
         603   2.04280004E-05
         604   2.06997993E-05
         605   2.07512003E-05
         606   2.16046992E-05
         607   3.43491993E-05
         608   6.20994033E-05
         609   3.37907004E-05
         610   3.64807993E-02
         611   2.28346005E-04
         612   2.51690999E-05
         613   7.71931009E-05
         614   2.86465001E-05
         615   2.72452999E-05
         616   4.74541011E-05
         617   3.51611016E-05
         618   2.76561012E-04
         619   2.89575000E-05
         620   2.43540999E-05
         621   1.77005004E-05
         622   2.07865996E-05
         623   2.19709000E-05
         624   2.27833007E-05
         625   2.34834006E-05
         626   2.32017992E-05
         627   2.26498996E-05
         628   2.52551999E-05
         629   2.64613009E-05
         630   2.66886000E-05
         631   2.72323996E-05
         632   2.79170999E-05
         633   2.87070998E-05
         634   2.88418996E-05
         635   3.02169992E-05
         636   3.08097988E-05
         637   3.11723015E-05
         638   3.21428015E-05
         639   3.27173002E-05
         640   3.34543984E-05
         641   3.40797014E-05
         642   3.46392007E-05
         643   3.53965988E-05
         644   3.60142985E-05
         645   3.67491011E-05
         646   3.73973999E-05
         647   3.80866004E-05
         648   3.88053995E-05
         649   3.94806011E-05
         650   4.03074991E-05
         651   4.10430985E-05
         652   4.17800002E-05
         653   4.25116996E-05
         654   4.31939989E-05
         655   4.40133008E-05
         656   4.47692983E-05
         657   4.55213012E-05
         658   4.62798998E-05
         659   4.70642990E-05
         660   4.78235997E-05
         661   4.86118988E-05
         662   4.94189007E-05
         663   5.02557014E-05
         664   5.10725986E-05
         665   5.18701017E-05
         666   5.28948985E-05
         667   5.37937995E-05
         668   5.46923984E-05
         669   5.55430997E-05
         670   5.65765986E-05
         671   5.75297017E-05
         672   5.84927984E-05
         673   5.94701014E-05
         674   6.04843990E-05
         675   6.46187036E-05
         676   6.28921989E-05
         677   6.37123012E-05
         678   6.48451023E-05
         679   6.59775033E-05
         680   6.71329035E-05
         681   6.82086975E-05
         682   6.94686023E-05
         683   7.06631981E-05
         684   7.18525989E-05
         685   7.30157990E-05
         686   7.43045966E-05
         687   7.55492001E-05
         688   7.68273021E-05
         689   7.81072013E-05
         690   7.93970976E-05
         691   8.08303012E-05
         692   8.22170987E-05
         693   8.36003965E-05
         694   8.50547003E-05
         695   8.65053007E-05
         696   8.79560030E-05
         697   8.93871984E-05
         698   9.08799993E-05
         699   9.23568005E-05
         700   9.38476005E-05
         701   9.53753988E-05
         702   9.69112007E-05
         703   9.84814033E-05
         704   1.00126003E-04
         705   1.01826998E-04
         706   1.03773004E-04
         707   1.05097999E-04
         708   1.06148997E-04
         709   1.07902997E-04
         710   1.09637003E-04
         711   1.11604000E-04
         712   1.13447997E-04
         713   1.15194001E-04
         714   1.16969997E-04
         715   1.19046999E-04
         716   1.20971999E-04
         717   1.22904996E-04
         718   1.24879007E-04
         719   1.27107996E-04
         720   1.29253007E-04
         721   1.31405002E-04
         722   1.33570007E-04
         723   1.35758994E-04
         724   1.37982002E-04
         725   1.40207005E-04
         726   1.42424993E-04
         727   1.44809994E-04
         728   1.47145998E-04
         729   1.49465006E-04
         730   1.51750006E-04
         731   1.54263005E-04
         732   1.56748007E-04
         733   1.59293006E-04
         734   1.61882999E-04
         735   1.64525001E-04
         736   1.68241997E-04
         737   3.39722988E-04
         738   1.72642001E-04
         739   1.75388006E-04
         740   1.78218004E-04
         741   1.81102005E-04
         742   1.84103003E-04
         743   1.86909005E-04
         744   1.90003004E-04
         745   1.93094005E-04
         746   1.96313995E-04
         747   1.99429007E-04
         748   2.02808995E-04
         749   2.06698998E-04
         750   2.09421007E-04
         751   2.12682004E-04
         752   2.16176995E-04
         753   2.19312002E-04
         754   2.26996999E-04
         755   2.39899993E-04
         756   2.60664994E-04
         757   1.33940000E-02
         758   1.08736996E-02
         759   2.40683003E-04
         760   2.45925999E-04
         761   2.54890008E-04
         762   2.52425001E-04
         763   2.56194995E-04
         764   2.60723988E-04
         765   2.89594987E-04
         766   2.68556993E-04
         767   2.72720994E-04
         768   2.76901003E-04
         769   2.84236012E-04
         770   2.85196991E-04
         771   2.88362993E-04
         772   2.28424993E-04
         773   1.71958003E-04
         774   2.90730008E-04
         775   2.89307995E-04
         776   3.10836011E-04
         777   3.16746009E-04
         778   3.16180987E-04
         779   3.04823014E-04
         780   2.96740996E-04
         781   3.09691997E-04
         782   3.23818007E-04
         783   3.28697992E-04
         784   3.33720993E-04
         785   3.39607999E-04
         786   3.44297005E-04
         787   3.49537993E-04
         788   3.55127995E-04
         789   3.60767997E-04
         790   3.66811990E-04
         791   3.72490002E-04
         792   3.78299999E-04
         793   3.84593994E-04
         794   3.90583009E-04
         795   3.96355987E-04
         796   4.02033009E-04
         797   4.08583990E-04
         798   4.14723996E-04
         799   4.20919008E-04
         800   4.27149993E-04
         801   4.33648995E-04
         802   4.40387987E-04
         803   4.47257014E-04
         804   4.54276014E-04
         805   4.61410003E-04
         806   4.68627986E-04
         807   4.75904992E-04
         808   4.83236014E-04
         809   4.90829989E-04
         810   4.98423004E-04
         811   5.05972013E-04
         812   5.13577019E-04
         813   5.21423994E-04
         814   5.29212994E-04
         815   5.37135988E-04
         816   5.45274001E-04
         817   5.53485996E-04
         818   5.61751018E-04
         819   5.70119999E-04
         820   5.78631996E-04
         821   5.87253016E-04
         822   5.96065016E-04
         823   6.04979985E-04
         824   6.13931974E-04
         825   6.23008993E-04
         826   6.32432988E-04
         827   6.41872000E-04
         828   6.50847971E-04
         829   6.59973011E-04
         830   6.70711976E-04
         831   6.80752972E-04
         832   6.90719986E-04
         833   7.00794975E-04
         834   7.11544009E-04
         835   7.22124998E-04
         836   7.32798013E-04
         837   7.43645011E-04
         838   7.54696026E-04
         839   7.65879988E-04
         840   7.77087000E-04
         841   7.88484991E-04
         842   8.00402020E-04
         843   8.12364975E-04
         844   8.24430026E-04
         845   8.36652005E-04
         846   8.49517004E-04
         847   8.61965003E-04
         848   8.74476973E-04
         849   8.87045986E-04
         850   8.99831997E-04
         851   9.12624993E-04
         852   9.25661006E-04
         853   9.38864017E-04
         854   9.52258008E-04
         855   9.65863990E-04
         856   9.79740988E-04
         857   9.94022004E-04
         858   1.00875995E-03
         859   1.02385005E-03
         860   1.03905995E-03
         861   1.05338998E-03
         862   1.06812001E-03
         863   1.08513003E-03
         864   1.10070000E-03
         865   1.11605995E-03
         866   1.13161001E-03
         867   1.14831002E-03
         868   1.16472004E-03
         869   1.18727004E-03
         870   1.28256006E-03
         871   1.40351998E-02
         872   1.23368006E-03
         873   1.25267997E-03
         874   1.27075997E-03
         875   1.28898001E-03
         876   1.30924000E-03
         877   1.32758997E-03
         878   1.34568999E-03
         879   1.36578002E-03
         880   1.38621998E-03
         881   1.40418997E-03
         882   1.42340001E-03
         883   1.44471996E-03
         884   1.45775999E-03
         885   1.42940006E-03
         886   1.42949994E-03
         887   1.52384001E-03
         888   1.54357997E-03
         889   1.55826996E-03
         890   1.57016004E-03
         891   1.58958999E-03
         892   1.61355000E-03
         893   1.63700001E-03
         894   1.66069996E-03
         895   1.68444996E-03
         896   1.70932000E-03
         897   1.73469004E-03
         898   1.75804005E-03
         899   1.78256002E-03
         900   1.80908001E-03
         901   1.83500000E-03
         902   1.86136004E-03
         903   1.88819005E-03
         904   1.91539002E-03
         905   1.94300001E-03
         906   1.97047996E-03
         907   1.99848996E-03
         908   2.02810997E-03
         909   2.05744011E-03
         910   2.08534999E-03
         911   2.11353996E-03
         912   2.14445009E-03
         913   2.17466010E-03
         914   2.20460002E-03
         915   2.23529991E-03
         916   2.26731994E-03
         917   2.29923008E-03
         918   2.33158004E-03
         919   2.36461009E-03
         920   2.39801011E-03
         921   2.43190001E-03
         922   2.46598991E-03
         923   2.50082999E-03
         924   2.53681000E-03
         925   2.57258001E-03
         926   2.60830997E-03
         927   2.64467997E-03
         928   2.68247002E-03
         929   2.71999999E-03
         930   2.75825989E-03
         931   2.79720989E-03
         932   2.83657992E-03
         933   2.87708011E-03
         934   2.91785994E-03
         935   2.95958994E-03
         936   3.00206989E-03
         937   3.04525997E-03
         938   3.08894995E-03
         939   3.13236006E-03
         940   3.17700999E-03
         941   3.22469999E-03
         942   3.27068008E-03
         943   3.31501011E-03
         944   3.36045003E-03
         945   3.41136009E-03
         946   3.45896999E-03
         947   3.50674009E-03
         948   3.55557003E-03
         949   3.60684004E-03
         950   3.65773006E-03
         951   3.71006993E-03
         952   3.76319000E-03
         953   3.81700997E-03
         954   3.87166999E-03
         955   3.92931001E-03
         956   3.98471998E-03
         957   4.04436002E-03
         958   4.10339003E-03
         959   4.16273018E-03
         960   4.24525980E-03
         961   4.28486988E-03
         962   4.34659002E-03
         963   4.40956978E-03
         964   4.47383011E-03
         965   4.53939009E-03
         966   4.60689003E-03
         967   4.68306988E-03
         968   4.84352978E-03
         969   6.26278017E-03
         970   1.71387997E-02
         971  0.311762005    
         972   5.12159988E-03
         973   5.94137982E-03
         974   5.20549994E-03
         975   5.31092007E-03
         976   8.82562995E-03
         977   5.77282999E-03
         978   5.50751993E-03
         979   5.58863999E-03
         980   5.67123014E-03
         981   5.75572997E-03
         982   5.84594021E-03
         983   5.93610015E-03
         984   6.03176001E-03
         985   6.17216015E-03
         986   6.80651981E-03
         987   6.31802017E-03
         988   1.17712999E-02
         989   5.83748985E-03
         990   5.71169984E-03
         991   5.45699010E-03
         992   5.23792021E-03
         993   5.22824982E-03
         994   5.38105983E-03
         995   5.49210981E-03
         996   5.57389995E-03
         997   5.65843983E-03
         998   5.75503986E-03
         999   5.85233001E-03
        1000   5.93351992E-03
        1001   5.99977002E-03
        1002   5.90855023E-03
        1003   5.80675015E-03
        1004   5.73441992E-03
        1005   6.42646011E-03
        1006   6.52553001E-03
        1007   6.58253999E-03
        1008   6.63559977E-03
        1009   6.63765986E-03
        1010   6.73155021E-03
        1011   6.69379020E-03
        1012   6.87950989E-03
        1013   7.28261983E-03
        1014   7.39340996E-03
        1015   7.50077982E-03
        1016   7.59964995E-03
        1017   7.72048021E-03
        1018   7.83482008E-03
        1019   7.95217976E-03
        1020   8.05694982E-03
        1021   8.15374963E-03
        1022   8.25219974E-03
        1023   8.35500006E-03
        1024   8.45456030E-03
        1025   8.55293963E-03
        1026   8.65103956E-03
        1027   8.76151957E-03
        1028   8.86221975E-03
        1029   8.96445010E-03
        1030   9.06877033E-03
        1031   9.17758979E-03
        1032   9.28561017E-03
        1033   9.39499959E-03
        1034   9.50506981E-03
        1035   9.61629022E-03
        1036   9.72789992E-03
        1037   9.84083023E-03
        1038   9.95649025E-03
        1039   1.00737000E-02
        1040   1.01889996E-02
        1041   1.03042005E-02
        1042   1.04179000E-02
        1043   1.05354004E-02
        1044   1.06557002E-02
        1045   1.07731996E-02
        1046   1.08928997E-02
        1047   1.10151004E-02
        1048   1.11384001E-02
        1049   1.12639004E-02
        1050   1.13907997E-02
        1051   1.15205999E-02
        1052   1.16539001E-02
        1053   1.18038999E-02
        1054   1.20604998E-02
        1055   1.27413999E-02
        1056   1.56644993E-02
        1057   5.17346002E-02
        1058   1.24532003E-02
        1059   1.25793004E-02
        1060   1.27275996E-02
        1061   1.28624998E-02
        1062   1.30019998E-02
        1063   1.31396996E-02
        1064   1.32870004E-02
        1065   1.34295002E-02
        1066   1.35749998E-02
        1067   1.37205003E-02
        1068   1.38676995E-02
        1069   1.40151000E-02
        1070   1.41650001E-02
        1071   1.43147996E-02
        1072   1.44675998E-02
        1073   1.46132996E-02
        1074   1.47436997E-02
        1075   1.48294000E-02
        1076   1.43195000E-02
        1077   1.32919000E-02
        1078   1.46083003E-02
        1079   1.23065002E-02
        1080   1.54494001E-02
        1081   1.54224001E-02
        1082   1.52168004E-02
        1083   1.48903998E-02
        1084   1.45640997E-02
        1085   1.41334003E-02
        1086   1.43534001E-02
        1087   1.45386001E-02
        1088   1.47224003E-02
        1089   1.48755005E-02
        1090   1.50322001E-02
        1091   1.51859997E-02
        1092   1.53411003E-02
        1093   1.54951001E-02
        1094   1.56494994E-02
        1095   1.58063993E-02
        1096   1.59581006E-02
        1097   1.61166992E-02
        1098   1.62723009E-02
        1099   1.64292995E-02
        1100   1.65895000E-02
        1101   1.67500991E-02
        1102   1.69194005E-02
        1103   1.70853995E-02
        1104   1.72541998E-02
        1105   1.74234994E-02
        1106   1.75906997E-02
        1107   1.77621003E-02
        1108   1.79248992E-02
        1109   1.81028005E-02
        1110   1.82686001E-02
        1111   1.84406992E-02
        1112   1.86080001E-02
        1113   1.87863000E-02
        1114   1.89603996E-02
        1115   1.91348996E-02
        1116   1.93153992E-02
        1117   1.94898993E-02
        1118   1.96800008E-02
        1119   1.98637005E-02
        1120   2.00538002E-02
        1121   2.02411003E-02
        1122   2.04271004E-02
        1123   2.06141993E-02
        1124   2.07947008E-02
        1125   2.09880993E-02
        1126   2.11909991E-02
        1127   2.14364994E-02
        1128   2.18214002E-02
        1129   2.31059995E-02
        1130   2.52227001E-02
        1131   2.47230995E-02
        1132  0.135592997    
        1133   2.89846994E-02
        1134   2.26942003E-02
        1135   2.41953991E-02
        1136   2.30785999E-02
        1137   2.32977998E-02
        1138   2.34826002E-02
        1139   2.36540008E-02
        1140   2.38524992E-02
        1141   2.40377001E-02
        1142   2.42516994E-02
        1143   2.44516004E-02
        1144   2.46524997E-02
        1145   2.48511992E-02
        1146   2.50559002E-02
        1147   2.52659991E-02
        1148   2.54616998E-02
        1149   2.56875996E-02
        1150   2.58946009E-02
        1151   2.60972995E-02
        1152   2.62904000E-02
        1153   2.64895000E-02
        1154   2.65590008E-02
        1155   2.68387999E-02
        1156   3.64944004E-02
        1157   2.67200992E-02
        1158   2.64529996E-02
        1159   2.64876001E-02
        1160   2.58483998E-02
        1161   2.66973004E-02
        1162   2.69025005E-02
        1163   2.70639006E-02
        1164   2.72860993E-02
        1165   2.74119005E-02
        1166   2.76657008E-02
        1167   2.80799996E-02
        1168   2.82930005E-02
        1169   2.84848008E-02
        1170   2.86676008E-02
        1171   2.88398992E-02
        1172   2.90718004E-02
        1173   2.92026997E-02
        1174   2.94944998E-02
        1175   2.97414996E-02
        1176   2.99373996E-02
        1177   3.01421005E-02
        1178   3.03323008E-02
        1179   3.05400994E-02
        1180   3.07577997E-02
        1181   3.09820008E-02
        1182   3.11907008E-02
        1183   3.14012989E-02
        1184   3.16141993E-02
        1185   3.18308994E-02
        1186   3.20433006E-02
        1187   3.22589017E-02
        1188   3.24722007E-02
        1189   3.26929018E-02
        1190   3.28896008E-02
        1191   3.31139006E-02
        1192   3.33117992E-02
        1193   3.35235000E-02
        1194   3.37079987E-02
        1195   3.39226983E-02
        1196   3.41260992E-02
        1197   3.43386009E-02
        1198   3.45516019E-02
        1199   3.48214991E-02
        1200   3.53258997E-02
        1201   3.58390994E-02
        1202   3.54535989E-02
        1203   3.59019004E-02
        1204   3.58064994E-02
        1205   3.60180996E-02
        1206   3.62139009E-02
        1207   3.64164002E-02
        1208   3.66084017E-02
        1209   3.67961004E-02
        1210   3.69964018E-02
        1211   3.71918008E-02
        1212   3.73899005E-02
        1213   3.75890993E-02
        1214   3.77928019E-02
        1215   3.79958004E-02
        1216   3.82012986E-02
        1217   3.84013988E-02
        1218   3.86076011E-02
        1219   3.87896001E-02
        1220   3.89676988E-02
        1221   3.91156003E-02
        1222   3.91990989E-02
        1223   3.91606987E-02
        1224   3.91541012E-02
        1225   3.92157994E-02
        1226   3.89430001E-02
        1227   3.91049013E-02
        1228   3.92814018E-02
        1229   3.94572988E-02
        1230   3.96389998E-02
        1231   3.98104005E-02
        1232   3.99976000E-02
        1233   4.01782990E-02
        1234   4.03559990E-02
        1235   4.05073017E-02
        1236   4.06921990E-02
        1237   4.08595987E-02
        1238   4.10218984E-02
        1239   4.11733016E-02
        1240   4.13361005E-02
        1241   4.14954014E-02
        1242   4.16488983E-02
        1243   4.18022983E-02
        1244   4.19516005E-02
        1245   4.21112999E-02
        1246   4.22650017E-02
        1247   4.24092002E-02
        1248   4.25729007E-02
        1249   4.27090004E-02
        1250   4.28602993E-02
        1251   4.30092998E-02
        1252   4.31575999E-02
        1253   4.32896987E-02
        1254   4.34325002E-02
        1255   4.35665995E-02
        1256   4.36997004E-02
        1257   4.38281000E-02
        1258   4.39621992E-02
        1259   4.40949984E-02
        1260   4.42272983E-02
        1261   4.43513989E-02
        1262   4.44829017E-02
        1263   4.46075015E-02
        1264   4.47398014E-02
        1265   4.48779017E-02
        1266   4.50440012E-02
        1267   4.52652983E-02
        1268   4.55187000E-02
        1269   4.57595997E-02
        1270   4.59236987E-02
        1271   4.63963002E-02
        1272   4.64879982E-02
        1273   4.66004983E-02
        1274   4.66835015E-02
        1275   4.67730984E-02
        1276   4.68511991E-02
        1277   4.69296016E-02
        1278   4.69993018E-02
        1279   4.70720008E-02
        1280   4.71446998E-02
        1281   4.72180992E-02
        1282   4.72880006E-02
        1283   4.73597012E-02
        1284   4.74260002E-02
        1285   4.74964008E-02
        1286   4.75551002E-02
        1287   4.76141982E-02
        1288   4.76621017E-02
        1289   4.77141999E-02
        1290   4.77509014E-02
        1291   4.77844998E-02
        1292   4.78148982E-02
        1293   4.78476994E-02
        1294   4.78744991E-02
        1295   4.79057990E-02
        1296   4.79318984E-02
        1297   4.79549989E-02
        1298   4.79776002E-02
        1299   4.79996018E-02
        1300   4.80187982E-02
        1301   4.80265990E-02
        1302   4.80266996E-02
        1303   4.80454005E-02
        1304   4.80456986E-02
        1305   4.80072983E-02
        1306   4.80175018E-02
        1307   4.79988009E-02
        1308   4.79822010E-02
        1309   4.79522012E-02
        1310   4.79371995E-02
        1311   4.79127988E-02
        1312   4.78890985E-02
        1313   4.78539988E-02
        1314   4.78315018E-02
        1315   4.78004999E-02
        1316   4.77661006E-02
        1317   4.77149002E-02
        1318   4.76769991E-02
        1319   4.76258993E-02
        1320   4.75711003E-02
        1321   4.74992990E-02
        1322   4.74479012E-02
        1323   4.73771989E-02
        1324   4.73142006E-02
        1325   4.72378992E-02
        1326   4.71680015E-02
        1327   4.70958017E-02
        1328   4.70197983E-02
        1329   4.69400994E-02
        1330   4.68563996E-02
        1331   4.67737988E-02
        1332   4.66841012E-02
        1333   4.65900004E-02
        1334   4.64928001E-02
        1335   4.63914014E-02
        1336   4.62889001E-02
        1337   4.61817011E-02
        1338   4.60723005E-02
        1339   4.59600016E-02
        1340   4.58415002E-02
        1341   4.57301997E-02
        1342   4.56084982E-02
        1343   4.54959013E-02
        1344   4.53783982E-02
        1345   4.52643000E-02
        1346   4.51540016E-02
        1347   4.50487994E-02
        1348   4.49430011E-02
        1349   4.48657982E-02
        1350   4.47930992E-02
        1351   4.47533987E-02
        1352   4.47422005E-02
        1353   4.47788984E-02
        1354   4.48687002E-02
        1355   4.50901985E-02
        1356   4.54077013E-02
        1357   4.58301008E-02
        1358   4.63441014E-02
        1359   4.71887998E-02
        1360   4.89090011E-02
        1361   5.17742001E-02
        1362   5.47429994E-02
        1363   5.56106009E-02
        1364   5.31832017E-02
        1365   4.87861000E-02
        1366   9.92034003E-02
        1367  0.193258002    
        1368   4.15714011E-02
        1369   4.11580987E-02
        1370   4.09089997E-02
        1371   4.06947993E-02
        1372   4.04861011E-02
        1373   4.02727015E-02
        1374   4.00567986E-02
        1375   3.98396999E-02
        1376   3.96174006E-02
        1377   3.93917002E-02
        1378   3.91591005E-02
        1379   3.89163010E-02
        1380   3.86838987E-02
        1381   3.84376012E-02
        1382   3.81833985E-02
        1383   3.79272997E-02
        1384   3.76753993E-02
        1385   3.74188013E-02
        1386   3.71549986E-02
        1387   3.68589982E-02
        1388   3.65892015E-02
        1389   3.63360010E-02
        1390   3.61482017E-02
        1391   3.59820984E-02
        1392   3.56668010E-02
        1393   3.50042991E-02
        1394   3.39266993E-02
        1395   3.25633995E-02
        1396   3.77248004E-02
        1397   4.51968983E-02
        1398   2.88274009E-02
        1399   2.81204004E-02
        1400   2.76547000E-02
        1401   2.50748005E-02
        1402   2.48146001E-02
        1403   2.45685000E-02
        1404   2.43302006E-02
        1405   2.40874998E-02
        1406   2.38435995E-02
        1407   2.35987995E-02
        1408   2.33527999E-02
        1409   2.31059007E-02
        1410   2.28582993E-02
        1411   2.26105005E-02
        1412   2.23628003E-02
        1413   2.21184008E-02
        1414   2.18752995E-02
        1415   2.16358006E-02
        1416   2.13971995E-02
        1417   2.11565997E-02
        1418   2.09202003E-02
        1419   2.06808001E-02
        1420   2.04395000E-02
        1421   2.01977994E-02
        1422   1.99551992E-02
        1423   1.97135992E-02
        1424   1.94718000E-02
        1425   1.92290004E-02
        1426   1.89923998E-02
        1427   1.87573005E-02
        1428   1.85260996E-02
        1429   1.82987005E-02
        1430   1.80732999E-02
        1431   1.78523995E-02
        1432   1.76308993E-02
        1433   1.74122006E-02
        1434   1.71955992E-02
        1435   1.69823002E-02
        1436   1.67667996E-02
        1437   1.65595002E-02
        1438   1.63506009E-02
        1439   1.61440000E-02
        1440   1.59482993E-02
        1441   1.57590006E-02
        1442   1.55709004E-02
        1443   1.53852999E-02
        1444   1.52022997E-02
        1445   1.50194997E-02
        1446   1.48368999E-02
        1447   1.46530997E-02
        1448   1.44681996E-02
        1449   1.42841004E-02
        1450   1.40982997E-02
        1451   1.39116002E-02
        1452   1.37256999E-02
        1453   1.35412002E-02
        1454   1.33579997E-02
        1455   1.31777003E-02
        1456   1.29985996E-02
        1457   1.28245996E-02
        1458   1.26491003E-02
        1459   1.24765998E-02
        1460   1.23019004E-02
        1461   1.21280998E-02
        1462   1.19534004E-02
        1463   1.17784999E-02
        1464   1.16039002E-02
        1465   1.14291999E-02
        1466   1.12565998E-02
        1467   1.10857002E-02
        1468   1.09174997E-02
        1469   1.07493997E-02
        1470   1.05894003E-02
        1471   1.04289996E-02
        1472   1.02714002E-02
        1473   1.01148998E-02
        1474   9.95850004E-03
        1475   9.80202015E-03
        1476   9.64605995E-03
        1477   9.48967040E-03
        1478   9.33387037E-03
        1479   9.17817000E-03
        1480   9.02418979E-03
        1481   8.87154974E-03
        1482   8.72175023E-03
        1483   8.57430976E-03
        1484   8.42954963E-03
        1485   8.28578975E-03
        1486   8.14433023E-03
        1487   8.00376013E-03
        1488   7.86306988E-03
        1489   7.72307022E-03
        1490   7.58081023E-03
        1491   7.44066015E-03
        1492   7.29990983E-03
        1493   7.16040982E-03
        1494   7.02264020E-03
        1495   6.88748993E-03
        1496   6.75510988E-03
        1497   6.62577990E-03
        1498   6.49935985E-03
        1499   6.37524016E-03
        1500   6.25320012E-03
        1501   6.13208022E-03
        1502   6.00981992E-03
        1503   5.89181995E-03
        1504   5.77266002E-03
        1505   5.65401977E-03
        1506   5.53649012E-03
        1507   5.42064011E-03
        1508   5.30645018E-03
        1509   5.19490987E-03
        1510   5.08554978E-03
        1511   4.97958018E-03
        1512   4.87551978E-03
        1513   4.77400003E-03
        1514   4.67369007E-03
        1515   4.57500992E-03
        1516   4.47711023E-03
        1517   4.37980983E-03
        1518   4.28259000E-03
        1519   4.18727007E-03
        1520   4.09248983E-03
        1521   3.99914989E-03
        1522   3.90759017E-03
        1523   3.81829008E-03
        1524   3.73111991E-03
        1525   3.64647992E-03
        1526   3.56389000E-03
        1527   3.48292990E-03
        1528   3.40360007E-03
        1529   3.32521996E-03
        1530   3.24750994E-03
        1531   3.17073008E-03
        1532   3.09452997E-03
        1533   3.01896990E-03
        1534   2.94478005E-03
        1535   2.87186005E-03
        1536   2.80043995E-03
        1537   2.73067993E-03
        1538   2.66287010E-03
        1539   2.59716995E-03
        1540   2.53298995E-03
        1541   2.47024000E-03
        1542   2.40856991E-03
        1543   2.34792009E-03
        1544   2.28789006E-03
        1545   2.22858996E-03
        1546   2.16997997E-03
        1547   2.11202004E-03
        1548   2.05505989E-03
        1549   1.99943990E-03
        1550   1.94494997E-03
        1551   1.89158996E-03
        1552   1.84032996E-03
        1553   1.79030001E-03
        1554   1.74147997E-03
        1555   1.69374002E-03
        1556   1.64708996E-03
        1557   1.60117005E-03
        1558   1.55589997E-03
        1559   1.51096005E-03
        1560   1.46674004E-03
        1561   1.42314995E-03
        1562   1.38052006E-03
        1563   1.33892999E-03
        1564   1.29857997E-03
        1565   1.25949003E-03
        1566   1.22167997E-03
        1567   1.18502998E-03
        1568   1.14953995E-03
        1569   1.11495994E-03
        1570   1.08117005E-03
        1571   1.04803999E-03
        1572   1.01550994E-03
        1573   9.83536011E-04
        1574   9.52216971E-04
        1575   9.21557017E-04
        1576   8.91682983E-04
        1577   8.62631015E-04
        1578   8.34518985E-04
        1579   8.07314005E-04
        1580   7.81136972E-04
        1581   7.55782006E-04
        1582   7.31233973E-04
        1583   7.07364001E-04
        1584   6.83976978E-04
        1585   6.61237980E-04
        1586   6.38936006E-04
        1587   6.17036014E-04
        1588   5.95671998E-04
        1589   5.74832025E-04
        1590   5.54568018E-04
        1591   5.34984982E-04
        1592   5.16065978E-04
        1593   4.97860019E-04
        1594   4.80304006E-04
        1595   4.63247998E-04
        1596   4.46927996E-04
        1597   4.31013992E-04
        1598   4.15543996E-04
        1599   4.00457007E-04
        1600   3.85716994E-04
        1601   3.71398986E-04
        1602   3.57418990E-04
        1603   3.43875989E-04
        1604   3.30760988E-04
        1605   3.18131002E-04
        1606   3.05974012E-04
        1607   2.94300000E-04
        1608   2.83080997E-04
        1609   2.72297999E-04
        1610   2.61873007E-04
        1611   2.51816004E-04
        1612   2.42044000E-04
        1613   2.32557999E-04
        1614   2.23320996E-04
        1615   2.14362997E-04
        1616   2.05660996E-04
        1617   1.97253001E-04
        1618   1.89140002E-04
        1619   1.81347001E-04
        1620   1.73873996E-04
        1621   1.66715996E-04
        1622   1.59856005E-04
        1623   1.53276997E-04
        1624   1.46942999E-04
        1625   1.40835997E-04
        1626   1.34931994E-04
        1627   1.29174994E-04
        1628   1.23653997E-04
        1629   1.18286996E-04
        1630   1.13107999E-04
        1631   1.08127002E-04
        1632   1.03347003E-04
        1633   9.87745007E-05
        1634   9.44037965E-05
        1635   9.02352986E-05
        1636   8.62485977E-05
        1637   8.24356030E-05
        1638   7.87773024E-05
        1639   7.52608976E-05
        1640   7.18692972E-05
        1641   6.86011990E-05
        1642   6.54475007E-05
        1643   6.24091990E-05
        1644   5.94917001E-05
        1645   5.66929994E-05
        1646   5.40168985E-05
        1647   5.14649983E-05
        1648   4.90333005E-05
        1649   4.67167993E-05
        1650   4.45092010E-05
        1651   4.24017999E-05
        1652   4.03851009E-05
        1653   3.84519990E-05
        1654   3.65956985E-05
        1655   3.48124995E-05
        1656   3.30900002E-05
        1657   3.14491990E-05
        1658   2.98731993E-05
        1659   2.83697009E-05
        1660   2.69377997E-05
        1661   2.55766008E-05
        1662   2.42848000E-05
        1663   2.30577007E-05
        1664   2.18918995E-05
        1665   2.07817993E-05
        1666   1.97234003E-05
        1667   1.87117002E-05
        1668   1.77447000E-05
        1669   1.68197002E-05
        1670   1.59347001E-05
        1671   1.50900996E-05
        1672   1.42852005E-05
        1673   1.35198998E-05
        1674   1.27937001E-05
        1675   1.21053999E-05
        1676   1.14540999E-05
        1677   1.08371996E-05
        1678   1.02526001E-05
        1679   9.69788016E-06
        1680   9.17041962E-06
        1681   8.66836035E-06
        1682   8.18992976E-06
        1683   7.73410011E-06
        1684   7.30009015E-06
        1685   6.88733007E-06
        1686   6.49569984E-06
        1687   6.12454005E-06
        1688   5.77360015E-06
        1689   5.44220984E-06
        1690   5.12945007E-06
        1691   4.83422991E-06
        1692   4.55521013E-06
        1693   4.29137981E-06
        1694   4.04141019E-06
        1695   3.80454003E-06
        1696   3.57965996E-06
        1697   3.36624998E-06
        1698   3.16391993E-06
        1699   2.97257998E-06
        1700   2.79169990E-06
        1701   2.62113008E-06
        1702   2.46048990E-06
        1703   2.30945011E-06
        1704   2.16738999E-06
        1705   2.03372997E-06
        1706   1.90800006E-06
        1707   1.78959999E-06
        1708   1.67790995E-06
        1709   1.57254999E-06
        1710   1.47313006E-06
        1711   1.37927998E-06
        1712   1.29082002E-06
        1713   1.20751997E-06
        1714   1.12915995E-06
        1715   1.05561003E-06
        1716   9.86649979E-07
        1717   9.22031006E-07
        1718   8.61529998E-07
        1719   8.04863987E-07
        1720   7.51893026E-07
        1721   7.02083014E-07
        1722   6.55368012E-07
        1723   6.11485007E-07
        1724   5.70219981E-07
        1725   5.31513990E-07
        1726   4.95190022E-07
        1727   4.61170004E-07
        1728   4.29317993E-07
        1729   3.99565010E-07
        1730   3.71780999E-07
        1731   3.45869012E-07
        1732   3.21703993E-07
        1733   2.99170011E-07
        1734   2.78144995E-07
        1735   2.58526001E-07
        1736   2.40203008E-07
        1737   2.23079994E-07
        1738   2.07086003E-07
        1739   1.92144000E-07
        1740   1.78199997E-07
        1741   1.65195004E-07
        1742   1.53081004E-07
        1743   1.41810006E-07
        1744   1.31410005E-07
        1745   1.21713995E-07
        1746   1.12667003E-07
        1747   1.04268999E-07
        1748   9.64706999E-08
        1749   8.92289975E-08
        1750   8.25000015E-08
        1751   7.62475025E-08
        1752   7.04410965E-08
        1753   6.50441976E-08
        1754   6.00348002E-08
        1755   5.53878010E-08
        1756   5.10809990E-08
        1757   4.70955008E-08
        1758   4.34085017E-08
        1759   3.99994988E-08
        1760   3.68511017E-08
        1761   3.39411983E-08
        1762   3.12531014E-08
        1763   2.87689002E-08
        1764   2.64726996E-08
        1765   2.43495002E-08
        1766   2.23864998E-08
        1767   2.05722994E-08
        1768   1.88955003E-08
        1769   1.73476007E-08
        1770   1.59189000E-08
        1771   1.46017003E-08
        1772   1.33883002E-08
        1773   1.22710002E-08
        1774   1.12552998E-08
        1775   1.03081002E-08
        1776   9.43790024E-09
        1777   8.67064998E-09
        1778   7.93527022E-09
        1779   7.25365012E-09
        1780   6.63125999E-09
        1781   6.05697004E-09
        1782   5.52986990E-09
        1783   5.04389019E-09
        1784   4.59764982E-09
        1785   4.19188018E-09
        1786   3.82524989E-09
        1787   3.48273010E-09
        1788   3.16968007E-09
        1789   2.88314994E-09
        1790   2.62206989E-09
        1791   2.38401010E-09
        1792   2.16518004E-09
        1793   1.96551997E-09
        1794   1.78324000E-09
        1795   1.61700997E-09
        1796   1.46548995E-09
        1797   1.32746003E-09
        1798   1.20179999E-09
        1799   1.08750997E-09
        1800   9.83677029E-10
        1801   8.89343987E-10
        1802   8.03682010E-10
        1803   7.25950022E-10
        1804   6.55458021E-10
        1805   5.91537985E-10
        1806   5.33599998E-10
        1807   4.81102991E-10
        1808   4.33540009E-10
        1809   3.90468990E-10
        1810   3.51486007E-10
        1811   3.16211002E-10
        1812   2.84326007E-10
        1813   2.55513000E-10
        1814   2.29499003E-10
        1815   2.06028000E-10
        1816   1.84864998E-10
        1817   1.65795003E-10
        1818   1.48621004E-10
        1819   1.33156000E-10
        1820   1.19242005E-10
        1821   1.06723998E-10
        1822   9.54799989E-11
        1823   8.53613985E-11
        1824   7.62694005E-11
        1825   6.81057988E-11
        1826   6.07782019E-11
        1827   5.42074996E-11
        1828   4.83178983E-11
        1829   4.30431003E-11
        1830   3.83227998E-11
        1831   3.41006008E-11
        1832   3.03266995E-11
        1833   2.69555992E-11
        1834   2.39456996E-11
        1835   2.12591993E-11
        1836   1.88628002E-11
        1837   1.67265993E-11
        1838   1.48225997E-11
        1839   1.31270004E-11
        1840   1.16176999E-11
        1841   1.02751002E-11
        1842   9.08305028E-12
        1843   8.02295036E-12
        1844   7.08169981E-12
        1845   6.24690013E-12
        1846   5.50709001E-12
        1847   4.85165987E-12
        1848   4.27157008E-12
        1849   3.75839984E-12
        1850   3.30468010E-12
        1851   2.90377011E-12
        1852   2.54970003E-12
        1853   2.23726007E-12
        1854   1.96169990E-12
        1855   1.71879004E-12
        1856   1.50487001E-12
        1857   1.31654995E-12
        1858   1.15093005E-12
        1859   1.00535997E-12
        1860   8.77565978E-13
        1861   7.65682006E-13
        1862   6.67368992E-13
        1863   5.81250976E-13
        1864   5.05866020E-13
        1865   4.39923000E-13
        1866   3.82278004E-13
        1867   3.31926001E-13
        1868   2.87969003E-13
        1869   2.49635002E-13
        1870   2.16217994E-13
        1871   1.87113996E-13
        1872   1.61782005E-13
        1873   1.39755002E-13
        1874   1.20618996E-13
        1875   1.04010001E-13
        1876   8.96076019E-14
        1877   7.71294988E-14
        1878   6.63287987E-14
        1879   5.70181990E-14
        1880   4.89439015E-14
        1881   4.19716989E-14
        1882   3.59559997E-14
        1883   3.07713992E-14
        1884   2.63066004E-14
        1885   2.24649994E-14
        1886   1.91618995E-14
        1887   1.63245001E-14
        1888   1.38895997E-14
        1889   1.18024004E-14
        1890   1.00156996E-14
        1891   8.48784018E-15
        1892   7.18274029E-15
        1893   6.06945990E-15
        1894   5.12083001E-15
        1895   4.31356992E-15
        1896   3.63104009E-15
        1897   3.04835998E-15
        1898   2.55436994E-15
        1899   2.13623996E-15
        1900   1.78289000E-15
        1901   1.48458999E-15
        1902   1.23314995E-15
        1903   1.02164000E-15
        1904   8.44102001E-16
        1905   6.95406003E-16
        1906   5.71183010E-16
        1907   4.67654990E-16
        1908   3.81617989E-16
        1909   3.10321002E-16
        1910   2.51421005E-16
        1911   2.02927005E-16
        1912   1.63136997E-16
        1913   1.30897004E-16
        1914   1.04343997E-16
        1915   8.28007992E-17
        1916   6.53762991E-17
        1917   5.13364997E-17
        1918   4.00813013E-17
        1919   3.11060012E-17
        1920   2.39888002E-17
        1921   1.83783998E-17
        1922   1.39832004E-17
        1923   1.05630997E-17
        1924   7.91993011E-18
        1925   5.89275982E-18
        1926   4.35057008E-18
        1927   3.18741993E-18
        1928   2.34449993E-18
        1929   1.69341004E-18
        1930   1.21459003E-18
        1931   8.63669979E-19
        1932   6.07330016E-19
        1933   4.21896001E-19
        1934   2.89106991E-19
        1935   1.95017006E-19
        1936   1.29111003E-19
        1937   8.35381979E-20
        1938   5.24985007E-20
        1939   3.17571989E-20
        1940   1.82539003E-20
        1941   9.80252000E-21
        1942   4.85695010E-21
        1943   3.39684990E-21
        1944   1.67604998E-21
        1945   9.76119975E-22
        1946   6.82779990E-22
        1947   4.74409993E-22
        1948   3.27349987E-22
        1949   2.24242989E-22
        1950   1.52452999E-22
        1951   1.02755002E-22
        1952   6.86717996E-23
        1953   4.54805007E-23
        1954   2.98348993E-23
        1955   1.93783003E-23
        1956   1.24595997E-23
        1957   8.85276037E-24
        1958   5.63918993E-24
        1959   3.55998017E-24
        1960   2.22979995E-24
        1961   1.38884997E-24
        1962   8.63569977E-25
        1963   5.39273992E-25
        1964   3.40983006E-25
        1965   2.20268010E-25
        1966   1.46216996E-25
        1967   9.64535976E-26
        1968   6.51628012E-26
        1969   4.43816011E-26
        1970   3.04307994E-26
        1971   2.19537001E-26
        1972   1.48231001E-26
        1973   9.96867964E-27
        1974   6.67916973E-27
        1975   4.46008012E-27
        1976   2.96984002E-27
        1977   1.97313006E-27
        1978   1.30902001E-27
        1979   8.67986967E-28
        1980   5.75859024E-28
        1981   3.82714010E-28
        1982   2.52210011E-28
        1983   1.66707003E-28
        1984   1.22787002E-28
        1985   8.17359974E-29
        1986   5.47056970E-29
        1987   3.68409996E-29
        1988   2.49696998E-29
        1989   1.70251003E-29
        1990   1.16650996E-29
        1991   8.01786980E-30
        1992   5.51734016E-30
        1993   3.80272009E-30
        1994   2.62063996E-30
        1995   1.80463002E-30
        1996   1.34419002E-30
        1997   9.25622996E-31
        1998   6.33806994E-31
        1999   4.33983016E-31
        2000   2.97280993E-31
        2001   2.03814992E-31
        2002   1.39918999E-31
        2003   9.62193025E-32
        2004   6.63056984E-32
        2005   4.58007012E-32
        2006   3.17187990E-32
        2007   2.20253993E-32
        2008   1.66120994E-32
        2009   1.15834999E-32
        2010   8.10337978E-33
        2011   5.68634996E-33
        2012   3.97085004E-33
        2013   2.78074999E-33
        2014   1.95227002E-33
        2015   1.37357002E-33
        2016   9.68107025E-34
        2017   6.83298979E-34
        2018   4.82816994E-34
        2019   3.41489994E-34
        2020   2.60193011E-34
        2021   1.84420003E-34
        2022   1.30832005E-34
        2023   9.29064014E-35
        2024   6.60485021E-35
        2025   4.67410992E-35
        2026   3.31203999E-35
        2027   2.35127999E-35
        2028   1.67257995E-35
        2029   1.19226000E-35
        2030   8.51702983E-36
        2031   6.55274031E-36
        2032   4.69758006E-36
        2033   3.37448993E-36
        2034   2.42883991E-36
        2035   1.75146004E-36
        2036   1.26519996E-36
        2037   9.15435956E-37
        2038   6.59793019E-37
        2039   4.76276999E-37
        2040   3.44291993E-37
        2041   2.49206000E-37
        2042   1.93441002E-37
        2043   1.40441002E-37
        2044   1.02122002E-37
        2045   7.43694991E-38
        2046   5.42348020E-38
        2047   3.96059999E-38
        2048   2.89615014E-38
        2049   2.12061005E-38
        2050   1.55480006E-38
        2051   1.13597998E-38
        2052   8.31123992E-39
        2053   6.50670942E-39
        2054   4.77360029E-39
        2055   3.50708992E-39
        2056   2.58026972E-39
        2057   1.90178062E-39
        2058   1.40416972E-39
        2059   1.03854013E-39
        2060   7.69377317E-40
        2061   5.70862370E-40
        2062   4.24198269E-40
        2063   3.34582429E-40
        2064   2.48178366E-40
        2065   1.84345017E-40
        2066   1.37117055E-40
        2067   1.02122428E-40
        2068   7.61563676E-41
        2069   5.68618891E-41
        2070   4.25069876E-41
        2071   3.18234881E-41
        2072   2.38599090E-41
        2073   1.89623708E-41
        2074   1.42512054E-41
        2075   1.07255384E-41
        2076   8.05186098E-42
        2077   6.05360937E-42
        2078   4.55562131E-42
        2079   3.43458254E-42
        2080   2.59240216E-42
        2081   1.95901525E-42
        2082   1.48117248E-42
        2083   1.18689980E-42
        2084   8.99633614E-43
        2085   6.82432352E-43
        2086   5.19881730E-43
        2087   3.95166167E-43
        2088   2.99877871E-43
        2089   2.28411650E-43
        2090   1.73761010E-43
        2091   1.33123354E-43
        2092   1.00893489E-43
        2093   8.12753109E-44
        2094   6.30584309E-44
        2095   4.76441478E-44
        2096   3.64337601E-44
        2097   2.80259693E-44
        2098   2.24207754E-44
        2099   1.68155816E-44
        2100   1.26116862E-44
        2101   9.80908925E-45
        2102   8.40779079E-45
        2103   5.60519386E-45
        2104   4.20389539E-45
        2105   4.20389539E-45
        2106   2.80259693E-45
        2107   2.80259693E-45
        2108   1.40129846E-45
        2109   1.40129846E-45
        2110   1.40129846E-45
        2111   0.00000000    
        2112   0.00000000    
        2113   0.00000000    
        2114   0.00000000    
        2115   0.00000000    
        2116   0.00000000    
        2117   0.00000000    
        2118   0.00000000    
        2119   0.00000000    
        2120   0.00000000    
        2121   0.00000000    
        2122   0.00000000    
        2123   0.00000000    
        2124   0.00000000    
        2125   0.00000000    
        2126   0.00000000    
        2127   0.00000000    
        2128   0.00000000    
        2129   0.00000000    
        2130   0.00000000    
        2131   0.00000000    
        2132   0.00000000    
        2133   0.00000000    
        2134   0.00000000    
        2135   0.00000000    
        2136   0.00000000    
        2137   0.00000000    
        2138   0.00000000    
        2139   0.00000000    
        2140   0.00000000    
        2141   0.00000000    
        2142   0.00000000    
        2143   0.00000000    
        2144   0.00000000    
        2145   0.00000000    
        2146   0.00000000    
        2147   0.00000000    
        2148   0.00000000    
        2149   0.00000000    
        2150   0.00000000    
        2151   0.00000000    
        2152   0.00000000    
        2153   0.00000000    
        2154   0.00000000    
        2155   0.00000000    
        2156   0.00000000    
        2157   0.00000000    
        2158   0.00000000    
        2159   0.00000000    
        2160   0.00000000    
        2161   0.00000000    
        2162   0.00000000    
        2163   0.00000000    
        2164   0.00000000    
        2165   0.00000000    
        2166   0.00000000    
        2167   0.00000000    
        2168   0.00000000    
        2169   0.00000000    
        2170   0.00000000    
        2171   0.00000000    
        2172   0.00000000    
        2173   0.00000000    
        2174   0.00000000    
        2175   0.00000000    
        2176   0.00000000    
        2177   0.00000000    
        2178   0.00000000    
        2179   0.00000000    
        2180   0.00000000    
        2181   0.00000000    
        2182   0.00000000    
        2183   0.00000000    
        2184   0.00000000    
        2185   0.00000000    
        2186   0.00000000    
        2187   0.00000000    
        2188   0.00000000    
        2189   0.00000000    
        2190   0.00000000    
        2191   0.00000000    
        2192   0.00000000    
        2193   0.00000000    
        2194   0.00000000    
        2195   0.00000000    
        2196   0.00000000    
        2197   0.00000000    
        2198   0.00000000    
        2199   0.00000000    
        2200   0.00000000    
        2201   0.00000000    
        2202   0.00000000    
        2203   0.00000000    
        2204   0.00000000    
        2205   0.00000000    
        2206   0.00000000    
        2207   0.00000000    
        2208   0.00000000    
        2209   0.00000000    
        2210   0.00000000    
        2211   0.00000000    
        2212   0.00000000    
        2213   0.00000000    
        2214   0.00000000    
        2215   0.00000000    
        2216   0.00000000    
        2217   0.00000000    
        2218   0.00000000    
        2219   0.00000000    
        2220   0.00000000    
        2221   0.00000000    
        2222   0.00000000    
        2223   0.00000000    
        2224   0.00000000    
        2225   0.00000000    
        2226   0.00000000    
        2227   0.00000000    
        2228   0.00000000    
        2229   0.00000000    
        2230   0.00000000    
        2231   0.00000000    
        2232   0.00000000    
        2233   0.00000000    
        2234   0.00000000    
        2235   0.00000000    
        2236   0.00000000    
        2237   0.00000000    
        2238   0.00000000    
        2239   0.00000000    
        2240   0.00000000    
        2241   0.00000000    
        2242   0.00000000    
        2243   0.00000000    
        2244   0.00000000    
        2245   0.00000000    
        2246   0.00000000    
        2247   0.00000000    
        2248   0.00000000    
        2249   0.00000000    
        2250   0.00000000    
        2251   0.00000000    
        2252   0.00000000    
        2253   0.00000000    
        2254   0.00000000    
        2255   0.00000000    
        2256   0.00000000    
        2257   0.00000000    
        2258   0.00000000    
        2259   0.00000000    
        2260   0.00000000    
        2261   0.00000000    
        2262   0.00000000    
        2263   0.00000000    
        2264   0.00000000    
        2265   0.00000000    
        2266   0.00000000    
        2267   0.00000000    
        2268   0.00000000    
        2269   0.00000000    
        2270   0.00000000    
        2271   0.00000000    
        2272   0.00000000    
        2273   0.00000000    
        2274   0.00000000    
        2275   0.00000000    
        2276   0.00000000    
        2277   0.00000000    
        2278   0.00000000    
        2279   0.00000000    
        2280   0.00000000    
        2281   0.00000000    
        2282   0.00000000    
        2283   0.00000000    
        2284   0.00000000    
        2285   0.00000000    
        2286   0.00000000    
        2287   0.00000000    
        2288   0.00000000    
        2289   0.00000000    
        2290   0.00000000    
        2291   0.00000000    
        2292   0.00000000    
        2293   0.00000000    
        2294   0.00000000    
        2295   0.00000000    
        2296   0.00000000    
        2297   0.00000000    
        2298   0.00000000    
        2299   0.00000000    
        2300   0.00000000    
        2301   0.00000000    
        2302   0.00000000    
        2303   0.00000000    
        2304   0.00000000    
        2305   0.00000000    
        2306   0.00000000    
        2307   0.00000000    
        2308   0.00000000    
        2309   0.00000000    
        2310   0.00000000    
        2311   0.00000000    
        2312   0.00000000    
        2313   0.00000000    
        2314   0.00000000    
        2315   0.00000000    
        2316   0.00000000    
        2317   0.00000000    
        2318   0.00000000    
        2319   0.00000000    
        2320   0.00000000    
        2321   0.00000000    
        2322   0.00000000    
        2323   0.00000000    
        2324   0.00000000    
        2325   0.00000000    
        2326   0.00000000    
        2327   0.00000000    
        2328   0.00000000    
        2329   0.00000000    
        2330   0.00000000    
        2331   0.00000000    
        2332   0.00000000    
        2333   0.00000000    
        2334   0.00000000    
        2335   0.00000000    
        2336   0.00000000    
        2337   0.00000000    
        2338   0.00000000    
        2339   0.00000000    
        2340   0.00000000    
        2341   0.00000000    
        2342   0.00000000    
        2343   0.00000000    
        2344   0.00000000    
        2345   0.00000000    
        2346   0.00000000    
        2347   0.00000000    
        2348   0.00000000    
        2349   0.00000000    
        2350   0.00000000    
        2351   0.00000000    
        2352   0.00000000    
        2353   0.00000000    
        2354   0.00000000    
        2355   0.00000000    
        2356   0.00000000    
        2357   0.00000000    
        2358   0.00000000    
        2359   0.00000000    
        2360   0.00000000    
        2361   0.00000000    
        2362   0.00000000    
        2363   0.00000000    
        2364   0.00000000    
        2365   0.00000000    
        2366   0.00000000    
        2367   0.00000000    
        2368   0.00000000    
        2369   0.00000000    
        2370   0.00000000    
        2371   0.00000000    
        2372   0.00000000    
        2373   0.00000000    
        2374   0.00000000    
        2375   0.00000000    
        2376   0.00000000    
        2377   0.00000000    
        2378   0.00000000    
        2379   0.00000000    
        2380   0.00000000    
        2381   0.00000000    
        2382   0.00000000    
        2383   0.00000000    
        2384   0.00000000    
        2385   0.00000000    
        2386   0.00000000    
        2387   0.00000000    
        2388   0.00000000    
        2389   0.00000000    
        2390   0.00000000    
        2391   0.00000000    
        2392   0.00000000    
        2393   0.00000000    
        2394   0.00000000    
        2395   0.00000000    
        2396   0.00000000    
        2397   0.00000000    
        2398   0.00000000    
        2399   0.00000000    
        2400   0.00000000    
        2401   0.00000000    
        2402   0.00000000    
        2403   0.00000000    
        2404   0.00000000    
        2405   0.00000000    
        2406   0.00000000    
        2407   0.00000000    
        2408   0.00000000    
        2409   0.00000000    
        2410   0.00000000    
        2411   0.00000000    
        2412   0.00000000    
        2413   0.00000000    
        2414   0.00000000    
        2415   0.00000000    
        2416   0.00000000    
        2417   0.00000000    
        2418   0.00000000    
        2419   0.00000000    
        2420   0.00000000    
        2421   0.00000000    
        2422   0.00000000    
        2423   0.00000000    
        2424   0.00000000    
        2425   0.00000000    
        2426   0.00000000    
        2427   0.00000000    
        2428   0.00000000    
        2429   0.00000000    
        2430   0.00000000    
        2431   0.00000000    
        2432   0.00000000    
        2433   0.00000000    
        2434   0.00000000    
        2435   0.00000000    
        2436   0.00000000    
        2437   0.00000000    
        2438   0.00000000    
        2439   0.00000000    
        2440   0.00000000    
        2441   0.00000000    
        2442   0.00000000    
        2443   0.00000000    
        2444   0.00000000    
        2445   0.00000000    
        2446   0.00000000    
        2447   0.00000000    
        2448   0.00000000    
        2449   0.00000000    
        2450   0.00000000    
        2451   0.00000000    
        2452   0.00000000    
        2453   0.00000000    
        2454   0.00000000    
        2455   0.00000000    
        2456   0.00000000    
        2457   0.00000000    
        2458   0.00000000    
        2459   0.00000000    
        2460   0.00000000    
        2461   0.00000000    
        2462   0.00000000    
        2463   0.00000000    
        2464   0.00000000    
        2465   0.00000000    
        2466   0.00000000    
        2467   0.00000000    
        2468   0.00000000    
        2469   0.00000000    
        2470   0.00000000    
        2471   0.00000000    
        2472   0.00000000    
        2473   0.00000000    
        2474   0.00000000    
        2475   0.00000000    
        2476   0.00000000    
        2477   0.00000000    
        2478   0.00000000    
        2479   0.00000000    
        2480   0.00000000    
        2481   0.00000000    
        2482   0.00000000    
        2483   0.00000000    
        2484   0.00000000    
        2485   0.00000000    
        2486   0.00000000    
        2487   0.00000000    
        2488   0.00000000    
        2489   0.00000000    
        2490   0.00000000    
        2491   0.00000000    
        2492   0.00000000    
        2493   0.00000000    
        2494   0.00000000    
        2495   0.00000000    
        2496   0.00000000    
        2497   0.00000000    
        2498   0.00000000    
        2499   0.00000000    
        2500   0.00000000    
        2501   0.00000000    
        2502   0.00000000    
        2503   0.00000000    
        2504   0.00000000    
        2505   0.00000000    
        2506   0.00000000    
        2507   0.00000000    
        2508   0.00000000    
        2509   0.00000000    
        2510   0.00000000    
        2511   0.00000000    
        2512   0.00000000    
        2513   0.00000000    
        2514   0.00000000    
        2515   0.00000000    
        2516   0.00000000    
        2517   0.00000000    
        2518   0.00000000    
        2519   0.00000000    
        2520   0.00000000    
        2521   0.00000000    
        2522   0.00000000    
        2523   0.00000000    
        2524   0.00000000    
        2525   0.00000000    
        2526   0.00000000    
        2527   0.00000000    
        2528   0.00000000    
        2529   0.00000000    
        2530   0.00000000    
        2531   0.00000000    
        2532   0.00000000    
        2533   0.00000000    
        2534   0.00000000    
        2535   0.00000000    
        2536   0.00000000    
        2537   0.00000000    
        2538   0.00000000    
        2539   0.00000000    
        2540   0.00000000    
        2541   0.00000000    
        2542   0.00000000    
        2543   0.00000000    
        2544   0.00000000    
        2545   0.00000000    
        2546   0.00000000    
        2547   0.00000000    
        2548   0.00000000    
        2549   0.00000000    
        2550   0.00000000    
        2551   0.00000000    
        2552   0.00000000    
        2553   0.00000000    
        2554   0.00000000    
        2555   0.00000000    
        2556   0.00000000    
        2557   0.00000000    
        2558   0.00000000    
        2559   0.00000000    
        2560   0.00000000    
        2561   0.00000000    
        2562   0.00000000    
        2563   0.00000000    
        2564   0.00000000    
        2565   0.00000000    
        2566   0.00000000    
        2567   0.00000000    
        2568   0.00000000    
        2569   0.00000000    
        2570   0.00000000    
        2571   0.00000000    
        2572   0.00000000    
        2573   0.00000000    
        2574   0.00000000    
        2575   0.00000000    
        2576   0.00000000    
        2577   0.00000000    
        2578   0.00000000    
        2579   0.00000000    
        2580   0.00000000    
        2581   0.00000000    
        2582   0.00000000    
        2583   0.00000000    
        2584   0.00000000    
        2585   0.00000000    
        2586   0.00000000    
        2587   0.00000000    
        2588   0.00000000    
        2589   0.00000000    
        2590   0.00000000    
        2591   0.00000000    
        2592   0.00000000    
        2593   0.00000000    
        2594   0.00000000    
        2595   0.00000000    
        2596   0.00000000    
        2597   0.00000000    
        2598   0.00000000    
        2599   0.00000000    
        2600   0.00000000    
        2601   0.00000000    
        2602   0.00000000    
        2603   0.00000000    
        2604   0.00000000    
        2605   0.00000000    
        2606   0.00000000    
        2607   0.00000000    
        2608   0.00000000    
        2609   0.00000000    
        2610   0.00000000    
        2611   0.00000000    
        2612   0.00000000    
        2613   0.00000000    
        2614   0.00000000    
        2615   0.00000000    
        2616   0.00000000    
        2617   0.00000000    
        2618   0.00000000    
        2619   0.00000000    
        2620   0.00000000    
        2621   0.00000000    
        2622   0.00000000    
        2623   0.00000000    
        2624   0.00000000    
        2625   0.00000000    
        2626   0.00000000    
        2627   0.00000000    
        2628   0.00000000    
        2629   0.00000000    
        2630   0.00000000    
        2631   0.00000000    
        2632   0.00000000    
        2633   0.00000000    
        2634   0.00000000    
        2635   0.00000000    
        2636   0.00000000    
        2637   0.00000000    
        2638   0.00000000    
        2639   0.00000000    
        2640   0.00000000    
        2641   0.00000000    
        2642   0.00000000    
        2643   0.00000000    
        2644   0.00000000    
        2645   0.00000000    
        2646   0.00000000    
        2647   0.00000000    
        2648   0.00000000    
        2649   0.00000000    
        2650   0.00000000    
        2651   0.00000000    
        2652   0.00000000    
        2653   0.00000000    
        2654   0.00000000    
        2655   0.00000000    
        2656   0.00000000    
        2657   0.00000000    
        2658   0.00000000    
        2659   0.00000000    
        2660   0.00000000    
        2661   0.00000000    
        2662   0.00000000    
        2663   0.00000000    
        2664   0.00000000    
        2665   0.00000000    
        2666   0.00000000    
        2667   0.00000000    
        2668   0.00000000    
        2669   0.00000000    
        2670   0.00000000    
        2671   0.00000000    
        2672   0.00000000    
        2673   0.00000000    
        2674   0.00000000    
        2675   0.00000000    
        2676   0.00000000    
        2677   0.00000000    
        2678   0.00000000    
        2679   0.00000000    
        2680   0.00000000    
        2681   0.00000000    
        2682   0.00000000    
        2683   0.00000000    
        2684   0.00000000    
        2685   0.00000000    
        2686   0.00000000    
        2687   0.00000000    
        2688   0.00000000    
        2689   0.00000000    
        2690   0.00000000    
        2691   0.00000000    
        2692   0.00000000    
        2693   0.00000000    
        2694   0.00000000    
        2695   0.00000000    
        2696   0.00000000    
        2697   0.00000000    
        2698   0.00000000    
        2699   0.00000000    
        2700   0.00000000    
        2701   0.00000000    
        2702   0.00000000    
        2703   0.00000000    
        2704   0.00000000    
        2705   0.00000000    
        2706   0.00000000    
        2707   0.00000000    
        2708   0.00000000    
        2709   0.00000000    
        2710   0.00000000    
        2711   0.00000000    
        2712   0.00000000    
        2713   0.00000000    
        2714   0.00000000    
        2715   0.00000000    
        2716   0.00000000    
        2717   0.00000000    
        2718   0.00000000    
        2719   0.00000000    
        2720   0.00000000    
        2721   0.00000000    
        2722   0.00000000    
        2723   0.00000000    
        2724   0.00000000    
        2725   0.00000000    
        2726   0.00000000    
        2727   0.00000000    
        2728   0.00000000    
        2729   0.00000000    
        2730   0.00000000    
        2731   0.00000000    
        2732   0.00000000    
        2733   0.00000000    
        2734   0.00000000    
        2735   0.00000000    
        2736   0.00000000    
        2737   0.00000000    
        2738   0.00000000    
        2739   0.00000000    
        2740   0.00000000    
        2741   0.00000000    
        2742   0.00000000    
        2743   0.00000000    
        2744   0.00000000    
        2745   0.00000000    
        2746   0.00000000    
        2747   0.00000000    
        2748   0.00000000    
        2749   0.00000000    
        2750   0.00000000    
        2751   0.00000000    
        2752   0.00000000    
        2753   0.00000000    
        2754   0.00000000    
        2755   0.00000000    
        2756   0.00000000    
        2757   0.00000000    
        2758   0.00000000    
        2759   0.00000000    
        2760   0.00000000    
        2761   0.00000000    
        2762   0.00000000    
        2763   0.00000000    
        2764   0.00000000    
        2765   0.00000000    
        2766   0.00000000    
        2767   0.00000000    
        2768   0.00000000    
        2769   0.00000000    
        2770   0.00000000    
        2771   0.00000000    
        2772   0.00000000    
        2773   0.00000000    
        2774   0.00000000    
        2775   0.00000000    
        2776   0.00000000    
        2777   0.00000000    
        2778   0.00000000    
        2779   0.00000000    
        2780   0.00000000    
        2781   0.00000000    
        2782   0.00000000    
        2783   0.00000000    
        2784   0.00000000    
        2785   0.00000000    
        2786   0.00000000    
        2787   0.00000000    
        2788   0.00000000    
        2789   0.00000000    
        2790   0.00000000    
        2791   0.00000000    
        2792   0.00000000    
        2793   0.00000000    
        2794   0.00000000    
        2795   0.00000000    
        2796   0.00000000    
        2797   0.00000000    
        2798   0.00000000    
        2799   0.00000000    
        2800   0.00000000    
        2801   0.00000000    
        2802   0.00000000    
        2803   0.00000000    
        2804   0.00000000    
        2805   0.00000000    
        2806   0.00000000    
        2807   0.00000000    
        2808   0.00000000    
        2809   0.00000000    
        2810   0.00000000    
        2811   0.00000000    
        2812   0.00000000    
        2813   0.00000000    
        2814   0.00000000    
        2815   0.00000000    
        2816   0.00000000    
        2817   0.00000000    
        2818   0.00000000    
        2819   0.00000000    
        2820   0.00000000    
        2821   0.00000000    
        2822   0.00000000    
        2823   0.00000000    
        2824   0.00000000    
        2825   0.00000000    
        2826   0.00000000    
        2827   0.00000000    
        2828   0.00000000    
        2829   0.00000000    
        2830   0.00000000    
        2831   0.00000000    
        2832   0.00000000    
        2833   0.00000000    
        2834   0.00000000    
        2835   0.00000000    
        2836   0.00000000    
        2837   0.00000000    
        2838   0.00000000    
        2839   0.00000000    
        2840   0.00000000    
        2841   0.00000000    
        2842   0.00000000    
        2843   0.00000000    
        2844   0.00000000    
        2845   0.00000000    
        2846   0.00000000    
        2847   0.00000000    
        2848   0.00000000    
        2849   0.00000000    
        2850   0.00000000    
        2851   0.00000000    
        2852   0.00000000    
        2853   0.00000000    
        2854   0.00000000    
        2855   0.00000000    
        2856   0.00000000    
        2857   0.00000000    
        2858   0.00000000    
        2859   0.00000000    
        2860   0.00000000    
        2861   0.00000000    
        2862   0.00000000    
        2863   0.00000000    
        2864   0.00000000    
        2865   0.00000000    
        2866   0.00000000    
        2867   0.00000000    
        2868   0.00000000    
        2869   0.00000000    
        2870   0.00000000    
        2871   0.00000000    
        2872   0.00000000    
        2873   0.00000000    
        2874   0.00000000    
        2875   0.00000000    
        2876   0.00000000    
        2877   0.00000000    
        2878   0.00000000    
        2879   0.00000000    
        2880   0.00000000    
        2881   0.00000000    
        2882   0.00000000    
        2883   0.00000000    
        2884   0.00000000    
        2885   0.00000000    
        2886   0.00000000    
        2887   0.00000000    
        2888   0.00000000    
        2889   0.00000000    
        2890   0.00000000    
        2891   0.00000000    
        2892   0.00000000    
        2893   0.00000000    
        2894   0.00000000    
        2895   0.00000000    
        2896   0.00000000    
        2897   0.00000000    
        2898   0.00000000    
        2899   0.00000000    
        2900   0.00000000    
        2901   0.00000000    
        2902   0.00000000    
        2903   0.00000000    
        2904   0.00000000    
        2905   0.00000000    
        2906   0.00000000    
        2907   0.00000000    
        2908   0.00000000    
        2909   0.00000000    
        2910   0.00000000    
        2911   0.00000000    
        2912   0.00000000    
        2913   0.00000000    
        2914   0.00000000    
        2915   0.00000000    
        2916   0.00000000    
        2917   0.00000000    
        2918   0.00000000    
        2919   0.00000000    
        2920   0.00000000    
        2921   0.00000000    
        2922   0.00000000    
        2923   0.00000000    
        2924   0.00000000    
        2925   0.00000000    
        2926   0.00000000    
        2927   0.00000000    
        2928   0.00000000    
        2929   0.00000000    
        2930   0.00000000    
        2931   0.00000000    
        2932   0.00000000    
        2933   0.00000000    
        2934   0.00000000    
        2935   0.00000000    
        2936   0.00000000    
        2937   0.00000000    
        2938   0.00000000    
        2939   0.00000000    
        2940   0.00000000    
        2941   0.00000000    
        2942   0.00000000    
        2943   0.00000000    
        2944   0.00000000    
        2945   0.00000000    
        2946   0.00000000    
        2947   0.00000000    
        2948   0.00000000    
        2949   0.00000000    
        2950   0.00000000    
        2951   0.00000000    
        2952   0.00000000    
        2953   0.00000000    
        2954   0.00000000    
        2955   0.00000000    
        2956   0.00000000    
        2957   0.00000000    
        2958   0.00000000    
        2959   0.00000000    
        2960   0.00000000    
        2961   0.00000000    
        2962   0.00000000    
        2963   0.00000000    
        2964   0.00000000    
        2965   0.00000000    
        2966   0.00000000    
        2967   0.00000000    
        2968   0.00000000    
        2969   0.00000000    
        2970   0.00000000    
        2971   0.00000000    
        2972   0.00000000    
        2973   0.00000000    
        2974   0.00000000    
        2975   0.00000000    
        2976   0.00000000    
        2977   0.00000000    
        2978   0.00000000    
        2979   0.00000000    
        2980   0.00000000    
        2981   0.00000000    
        2982   0.00000000    
        2983   0.00000000    
        2984   0.00000000    
        2985   0.00000000    
        2986   0.00000000    
        2987   0.00000000    
        2988   0.00000000    
        2989   0.00000000    
        2990   0.00000000    
        2991   0.00000000    
        2992   0.00000000    
        2993   0.00000000    
        2994   0.00000000    
        2995   0.00000000    
        2996   0.00000000    
        2997   0.00000000    
        2998   0.00000000    
        2999   0.00000000    
